1 8 22
1 9 22
1 9 38
1 10 22
1 10 38
1 11 22
1 11 38
1 12 22
1 12 38
1 13 6
1 13 54
1 14 6
1 14 54
1 15 6
1 15 54
1 16 6
1 16 54
1 17 54
2 4 6
2 4 38
2 5 6
2 5 38
2 6 6
2 6 38
2 7 6
2 7 38
2 8 6
2 8 38
2 9 6
2 9 38
2 10 6
2 10 38
2 11 6
2 11 38
2 12 6
2 12 38
2 13 6
2 13 38
2 14 6
2 14 38
2 15 6
2 15 38
2 16 6
2 16 38
2 17 6
2 17 38
2 18 6
2 18 38
3 4 6
3 4 38
3 5 6
3 5 38
3 6 6
3 6 38
3 7 6
3 7 38
3 8 6
3 8 38
3 9 6
3 9 38
3 10 6
3 10 38
3 11 6
3 11 38
3 12 6
3 12 38
3 13 6
3 13 38
3 14 6
3 14 38
3 15 6
3 15 38
3 16 6
3 16 38
3 17 6
3 17 38
3 18 6
3 18 38
4 4 6
4 4 38
4 5 6
4 5 38
4 6 6
4 6 38
4 7 6
4 7 38
4 8 6
4 8 38
4 9 6
4 9 38
4 10 6
4 10 38
4 11 6
4 11 38
4 12 6
4 12 38
4 13 6
4 13 38
4 14 6
4 14 38
4 15 6
4 15 38
4 16 6
4 16 38
4 17 6
4 17 38
4 18 6
4 18 38
5 4 6
5 4 38
5 5 6
5 5 38
5 6 6
5 6 38
5 7 6
5 7 38
5 8 6
5 8 38
5 9 6
5 9 38
5 10 6
5 10 38
5 11 6
5 11 38
5 12 6
5 12 38
5 13 6
5 13 38
5 14 6
5 14 38
5 15 6
5 15 38
5 16 6
5 16 38
5 17 6
5 17 38
5 18 6
5 18 38
6 4 6
6 4 38
6 5 6
6 5 38
6 6 6
6 6 38
6 7 6
6 7 38
6 8 6
6 8 38
6 9 6
6 9 38
6 10 6
6 10 38
6 11 6
6 11 38
6 12 6
6 12 38
6 13 6
6 13 38
6 14 6
6 14 38
6 15 6
6 15 38
6 16 6
6 16 38
6 17 6
6 17 38
6 18 6
6 18 38
7 4 6
7 4 38
7 5 6
7 5 38
7 6 6
7 6 38
7 7 6
7 7 38
7 8 6
7 8 38
7 9 6
7 9 38
7 10 6
7 10 38
7 11 6
7 11 38
7 12 6
7 12 38
7 13 6
7 13 38
7 14 6
7 14 38
7 15 6
7 15 38
7 16 6
7 16 38
7 17 6
7 17 38
7 18 6
7 18 38
8 4 6
8 4 38
8 5 6
8 5 38
8 6 6
8 6 38
8 7 6
8 7 38
8 8 6
8 8 38
8 9 6
8 9 38
8 10 6
8 10 38
8 11 6
8 11 38
8 12 6
8 12 38
8 13 6
8 13 38
8 14 6
8 14 38
8 15 6
8 15 38
8 16 6
8 16 38
8 17 6
8 17 38
8 18 6
8 18 38
9 7 6
9 7 54
9 8 6
9 8 54
9 9 6
9 9 54
9 10 6
9 10 54
9 11 6
9 11 54
9 12 6
9 12 54
9 13 6
9 13 54
9 14 6
9 14 54
9 15 6
9 15 54
9 16 6
9 16 38
9 17 6
9 17 38
9 18 6
9 18 38
